SnakeAtlas                                  384     384

BG_0                                        0       0       128     128     0.3125      0.3125      768
BG_1                                        128     0       128     128     0.3125      0.3125      768

S_SnakeBody                                 256     128     128     128     0.3125      0.3125      768
S_SnakeHead                                 0       128     128     128     0.3125      0.3125      768
S_SnakeTail                                 0       256     128     128     0.3125      0.3125      768
S_SnakeSoul                                 128     128     128     128     0.3125      0.3125      768
S_Egg                                       256     0       128     128     0.3125      0.3125      768
