MSAtlas							640	    640

Default							0		0		128		128		0.4		0.4		768
DefaultVariation				128		0		128		128		0.4		0.4		768
BirdTag							256		0		128		128		0.4		0.4		768
BirdExclude						384		0		128		128		0.4		0.4		768
DefaultBackground				512		0		128		128		0.4		0.4		768

One							    0		128		128		128		0.4		0.4		768
Two							    128		128		128		128		0.4		0.4		768
Three						    256		128		128		128		0.4		0.4		768
Four						    384		128		128		128		0.4		0.4		768
Five						    512		128		128		128		0.4		0.4		768

Six							    0		256		128		128		0.4		0.4		768
Seven						    128		256		128		128		0.4		0.4		768
Eight						    256		256		128		128		0.4		0.4		768
Red							    384		256		128		128		0.4		0.4		768
Chuck						    512		256		128		128		0.4		0.4		768

Bomb						    0		384		128		128		0.4		0.4		768