TetrisAtlas                             512     512

T_Empty                                 0       256     128     128     0.3125     0.3125      768
T_I                                     0       128     128     128     0.3125     0.3125      768
T_J                                     256     128     128     128     0.3125     0.3125      768
T_L                                     128     0       128     128     0.3125     0.3125      768
T_O                                     256     0       128     128     0.3125     0.3125      768
T_S                                     384     0       128     128     0.3125     0.3125      768
T_T                                     384     128     128     128     0.3125     0.3125      768
T_Z                                     0       0       128     128     0.3125     0.3125      768
